228

8681118111. Fu ⁶4·
Schreier, 89.
8681611111, T. G, 94.
8111611111, H„ 202.
8181118111, 16.
Schuetz, 152.
Schuetz, 189.
Schuhl, 194.
818111, 149.
8681118111, 48.
8181111611, 8.

scon, W„ 177.
8611111, 66.

fierive, 166. (2).
81161116, 43.
8661111111, 169.
8661111111, 180.
818111, 91.
8181111111, 198.
8116111111, 98.
811311, 146.

, 81311, 88.

Segnr-aneyron, 2.
811811, 10.
81161111, 147.
81111111, 180.Ι
81111, 7. 99.

81111, E, 1. 11. 161.
811116, 99.

86111111, 185.

Serio, 909.

811111, 118., 127.
8111111, 88.

senegart, 11. 111. 66.
8611111, 141.

8111111111, 87.
8111111111, 62.
8361181111, 88.

8811111, 131.

811611 account, 108.
sick, 116.
816111, 68.
8111111, 19.
8168111, 166.
8116111, 198.
8111118161, 8.
Simoni, 51.

Simon, 2. A, 18. 147.

Simon, 1., 168.

8111611, 167.

81111, 79.

811111, J, 97. 111.

81169οωί11, 185.

Simu-Pirondi, 166.

81111-11161111, 206. 206.

slevogt, 61.

811118, A, 157.

811111, A, 193.

Smith, M. A, 122.

Smyth, 90.

sanine, 116111. 161.

81611, 170.

Soennerberg, 151.

Sola, 186.

8611161811, 97.

861111111οή1, 187.

8666, 61.

de 8618111, 14.

8611111, 66.

8611811, 12.

Spada, 158.

Spangenberg, 1. 109.

speranza, 139.

Spindler, 201.

811116, 189.

86611168 18 0111811811,
28.

Sprat, 18.

Sprengel, 19.

81111119, 198.

81181168, 151.

81111111, 16.

811111, G. E, 46.

stam, J, 66.

81118, 100.

8111111111, 199.

81111, 182.

8111111161, 106.

8118111111, 113.

sreimmig, 1³3.

Stein, 203.

8111181111, 196.

61111111, 111.

Ι 8111111161, 16.

8111111166, 71.

8111311, 98.

81111111, 177.

81111111, 149.

stowam, 152.

8111111, 49.

81111, 69.

8111111111, 8. ’

81111111, 11111111,
181.

Stipp, 100.

816111, 61.

8161181111, 68.

81616111, 49.

81611111, 50.

stokes, W, 166. 111. 116.

816168, J, 65. 58.
stom, 93.

8161111111, 58.

811611, 74. 75. 92.
Strambr'o, 207.

, strasburg, 38.

stratico, 21. 132.
81111111, 198.
8116111111, L.‚ 185.
Strother, 69.
8111, 99.

Sue, 189.

Sue, 190.
8111111111, 195.
8111111118, 78.
8111811111, 89.
81116, 97.
8111161, 118.
sutton, 201.

Swartendyk-Stierlr'ny‚‚181. ⁸ ἵ

vnn 81111111, 69.
synam, 48.

161 Sydon, 169. .
811111816611866, 12'.

.— — - jun„ 16.

Τ.

1881171, 181.
Tabulae, 176.
Tonberon, 193.
1111111, 85.

 

