 

3116, F.. 198.
311001101, 89.
31001109, 9. 3., 196.
310001, 75.
3101000111, 159.
3101110100, 155.
31010ρί9000, 193.
3110, 111.

310110, 78.

60 31010, 301111, 187.
31010, 148.

Elem, 189.

3700907, 199. 293.
3100001, 69.
31001100, 11.
Β71000, C. L.. 188.
31001110, 69.
3101110, 96.

Βο, 199.

3011110, 69.
30000ςο3000, 89.
300110110οε, 95.
Bochai, 297.
30001101, 9., 96. 98.
30101110οΜ, 66.
30011010, Α. 19., 139.
30011100, J. D.‚ 90.
30011001, 80. 84.
Βο011101101, 51. 66.
30110, 44. ·“

Boin, 100.

3090, 199.
30100016, 195.

(10 Bonagentibus, 96.
30110011, 158. 170.
30001, 105.
Bongiovanni, 95.
30011016, 103.

de Bonis, 78.
300001, 130.
3010110111, 159.

de Bordes, 168.
3010111, Alf. 86.
3010111, G. Β., 161.
3010111, J. Α, 40.
3010010001, 97.
3010, 95.

30110000, 51.

van den Boseh, Η., 188.
von 1100300011, J. 9., 76.
010110οΒ0101, Η., 190.

30111101μο 87.
3011100111, 49.

30001101Ιο1, 67.
30001101, 70.
300001, 158.
3001110, 14.

3003010000, 86.
30019009, 192.

’ 30011101, 63. 74.

30011100 30010ος0, 169.

Boulay 90 la 91001910, 192.

3001111101, 164.

3001101, 4.

30101, 9. B. 11., 56. 70.
(9).

Boyron, 196.

30110111, 198.

Emesam, 299.

3100ᾱο10, 19.

3100010111, 65.

Brandom'sio, 198.

Braste, 292.

31010011, 47.

3100011, 148.

310001, 196.

31000, 164.

31000, O. 3., 6.

31000, Ε. E„ 195.

31010, 96.

31000, 88.

Brebant, 294.

Brakman 182.

3101οο110, 99.

31011110ορ1, 88.

Breuem, 186.

3110110 de 3010111001, 161.

ΒήσΙεα, 292.

Bn‘erre de 3010111001, 182.

Brignole, 116. .

Briquet‚ 299.

Β1101100, 297.

· Broughton, 98.

31οο00010, 0., 156.

219

Βνουεεαίε, F. J. V.. 192.
Brown, 9., 108.
Brown, 19., 177.
3101100, 9., 89.
3100οᾱ, 79.
Bruck, 186.
Brugmans‚ 106.
31010010, 131.
Brugnone, 88.
3100001, 95.
311101, 119.

30 3100, 169.
310001, 160.
301001, 44.
311101ος, 81. 85.
3100001, 45.
3100001, 3,, 98.
3100001, W. M.. 59.
31000, 54.
Brutti, 197.
B1yce‚ 196.
30001109, 131.
Βο0911010101, 184.
3001111011, 85.
Buechner, L. 0., 190.
30110001, 64.
3011010100, 5.

de Buechner, 07.
Baelo, 174. 179.
Buet, 174.
Bassa, 181.
30100110.
Βο900, 191.
30190011, 189.
301000, 5. ¹
3009110191, 186,
3019019000, 291.
Βο111011, 192.

8010011, 100100. 141.
Burton, 191.

von dem 30001, 292.
301101, 86.

30001901, 179.
Byrde, 140.

(9.
00811100, 95. ’

 

