296

8199, 10.

10999 van 1191 Hoeven,
171.

Puceinotti, 186.

Pugnet, 109.

811309091998.

81119198.

111991999200.

Pym, 199111.

R. W, 144.Ι
89090119, 209.
8909999091, 114.
Radius, 151. 161.
Radius, 175.
89391119, 167.
8931991919, 86.
89111991, 180.
89111911, 189.
hmini, 19. 99.
8911191911, 41.
Remini, 200.
Rumon 09 19 Scyro, 190.
89119910, 198.
89111999, 111. ()
8911911111, 86.
Bapp, 40.
8999911, 136. 188.
8999911, 103.
899991, 170.
8991999991, 145.
899911, 109.

Bau, 164.

von 899, 171.
8911091, 68.
1191111. 70.
8919119911, 919.
89991, P, 187. 188.
1199119110, 46.
Rama, 74.
8990, 88.
89909191, 186.
89091, 84.
89011911, 44.

8999, 19. ·

89986, 106.

Rem). M, 100.
8911911919, 89. 96.
8931919111, 99. 98.

, .
von 891091, 6.

von 1191091, 180.

von 8911, 181. 182.
8911109911, 168.

8911199199, 45.

89110910, ch. T. 8, 69.
8911101110, 0., 190.
89191919, 99.

Relatio, 56.
8911119119, 169.
8919119119, 66. 90. 117.

, .

09 891111, 150. 158. 109.

de Renzi, 197. 200.

899911, 108. 167. 169.

899911, 190 (2). 200.
201.

8999011999, 909.

09 89119, 89.

89111191, 127.

891911, 116.

8999119, 65.

80911191, 189.

8091911193, 96.

8111991111,99.

8109119 89119099, ll.

Riberi, 188.

81991, 189.

81909, 57.

8190910, 0. 0., 118.

Richter, A. (1., 7.

8190191, G. (1., 10.

Richter, 0., 47.

8190119, 86.

8199119, 169.

810091, 145.

8199119, 202.

819091, 70.

819091, 200.

wadel, J., 180.

81931, 148.

8199990999911, 74.

8191199191, 158.

81301, 86.

1113111, 91·

8139111-81919, 18.

8111911, 147.

8199919111, 96.

8191119111, 21.

Bisica, 88.

8111919, 85.

81111199, 44.

8119111, 86.

890911, 187.

890911, Α., 151. 168.

890911, 8., 170.

890911, L. 'J. M„ 8. 146

895911, L. J. M, 171.

890111, 166.

1190919111, 190.

09198909101919, 1190999,
111.

8909161119, 80.

Rodio, 193.

89909911, 188.

89911999, 109.

8908991391, 86.

899091, 98.

89909191, 76.

89919919, 148.

. 899113, 165.

899991, 44.
8999191, 161.
8991990991, 88.
89911991, 187.
89111901, 89.
893919, 60.
89319, 115.
8999919, 1711.
891191, 182.
8919110, 28.
89111911, 42.
891119, 151.
891191, 167.
89119, 89.

 

