214

Behi y 8616666, 166.
8111116111, 94.
8611161, 204.
Bailly de Blois, 167.
Beker, 77.
811161, 144.
Bnldinger, 77.
8111161616, 169.
861061, 175.
Belem, 69.
Belli, 205.
Bullia, 183.
Ennomus, 26.
Belly, 169. 141.
16116, 16. 116.
Bathnae, 66.
1616, 116. 161.
My, 203.
811161, 96.
81161611, 6.
Banga, 144.
811161, (1., 156.
Bauer, 11., 67.
Bepst, 61.
8111111, 90.
86161111, 109.
81166661, 166.
Eumeni, 16.
8116116616, 54.
81111166, 65.
1161116611, 46.
narbona, 97.
8116616161, 116 ().
Remota, 185.
Bethor, J.‚ 64. 65. ().
8161161161, 45.
8611111111, 124.
86116111, 156.

Batonis, 11.
Β6161111, 66.
Bm, 166. 116.
Bany, 179.

1161 165.
Baream, 166.

86666116, 2.

8611161, 189.
81161161, 117. 134.
8111116111, 166.
8611161, 66.
8611116161, 96.
811661, 104.

81761, W. 0., 22.
Beyley‚ 71. 104. 106.
Bayr, 150.
8111161161, 126.
namin, 110.

86611616, 66.
8661116, 122.
Remmia, 94.
Redeat, 181.

Beck, 150.

Becker, 97.

Becker, 0711„ 188187.
86611611, 126.
Β6616616, 190.
1661166, 11., 66. 66. 66.
8666111611, 92.
Β6116111111ς61, 105.
8661111610, 50.
Regin, 6.

86316116, 114.
Βοήαηᾰοὶἰηρ, 188.
86111, 104.

86111616, 7.
8611116116, 49.
Boinag, 60.
11616111, 65.

Bell, 41. 69.

Bell, (111., 160.
Bell, G. 11., 174.
1161161666, 66.
1618611161, Schmidt, 66.
8611113611, 142.
8616116611, 107.
86166161, Τ. W. (1., 10.
Benedictus, 26.
86111166, 91.

Β6160, G. L„ 178.

Embolima, Th. 67. 40. Benoit, Η, 204.

8111661661, 65.
6611611661, 161.

1161161166, 71.
Bene, 105.

116116, 52.
Β6611661166966, 186.
Berard, M. 8., 129.
Rothi, 161.
8611166, 11.
Bery, 202.
861861, 50.
86136111, 146.
Β6116116, 184.
Β6111861, 53.
van Berkheij‚ 105.
1161161161, 154.
Bemdt, 156.
de 1161116110, 116.
Borrae, 182.
Β611601, 194.
Berua} 196.
8616111, 50.
8616116, 111.
Β61116161, 195.
Β6η1161, 109.
Bere, 161.
Berti, A„ 208.
Berti, P.‚ 197.
86111111, 157.
Bergine, 76 ().
Beringer, 67.
Bemdt, 133. 146.
Β61111111161, 146.
86116161, 94.
Beuchreibung, 44. 96.
150.
Besehryving, 92.
Β6161111169,182.
Botere, 26. 60.
861111 Ρ6666611, 166.
81616111, 160.
8111611111, 62.

, 11116611, 116.

Bigeon‚ Μ. 11., 126.
Biqnot, 200.
Billeray‚ 115.
Billerey‚ 46.

Ridet, 204.

8111611, 69.

816161, 129ι

Β116, 72.

 

