Teyebuel, 180.
Tegg‚ 210.

11111511, 99.
'larginui-Temni, 80.“’
111110, 82.

1111111111, 86.

, 1111111, 166.

1110101111, 69.
1011110111, 88.
10110110, 7.
1111111111, O. J.‚ 129.
1111111111, «1., 96.
1111111111, 168.
1111111111, 168.
111111, 11. 111.
111111110111111111, 168.
1111111111, 209.
1110111111, 97.
Thomas, 140.
1101111111, 21. 28.
1110111101, 16.
1110111101, Th„ 8.

1101111101, T„ 101.

1110111, 120.
Thomu, 8.
nomen, 202.
1110111011, 8., 16. 184.
1110110111, 127.
1110131111, 76.
e Thueeeink, 11101111111.1,’Ι
00. 100. 144.
1111111, 144.
Naias, 178.
1111101111, 87. 88.
1111111, 86.
111111, 11. 11. 11.
Toemberg, 12.
Tude, 16.
1016111111, 111. 111.
10111111, 160.
Tereus, 27.
10111111, 168.
101111, 68.
1011111111, 140.
1100101111, 170.
1101111, 188.
1111111111, 126.

Trebel, 21.

Preme, 1881 .
11011113, 121.
11111111, 100.
111111111, 29.

11111, 161.

1111111, 7.

11111 1101111011111, 6.
1101111, 108.
1101111111, 146. 168.

. 11011101, 110.

11111111, 68.
1111101111, 28. 80.
10101111, 205.
11111, 126. »
Tuben, 66.
1111111111, 11.
1111111110, 66.

leode, 100.

[l.
Ueberleeher‚ 10.

111611110111110111,170.
184.

’ Uffer, 173.
ψ Ugo, 26. .

1111811111,Ξο .
1711911, 185.
Unterricht, 60.
Uetereuchung, 91.

Valeerengi, 61. 68.
Veldembrini, 211.
Valentius, 209.
1111111111, 6.
1111111111, 65. 67.
Valentini, 207.
1111111101, 140.
1111111011, 24.
vellesius, 26.
Valli, 111, 86. 110.
Valli, 8., 182.
vaux, 63,
Venheddeghem, 184.
111101160101, 180.
Venulo, 119.

1111111,Ι 129.

11111101, 42.

vater, Α, 68.

11111, 011, 68.
1711511111, 114. 186. ,
veling, 80.

Vama, A„ 108.
1111111110, 88.

vend, 111.

¹Vende, 11. 11. 111. 146.
Ventigneno, 17111111, 128.v
Verbeek‚ 78.
7111018101911, 186.
1711101101, 100.
Verelag, 144.
17011109, 206.

Vesti, 60.

1101011, 116.

Vetillard, 90.

Vener, 100.

Vettori, 78.

de 1111111, 87. 40.
Vleuld, 114.

Vieq de Azyr, 87.
1111111111, 64.

Vieussene, 60.

17191111, 100.
viligierdi, 80.
1111111, 90.
VinelleV 189.
Vinqtn'nier, 201.

, 111111, 89.

11111011, 168.·
1111111111, 161.
01111111.
1101111111142.
1100111, 20.
Vogel, J. 6., 66.
Vogel, Β. Δ, 6.
1011, 111. W· 1., 6. Ι
16111111.
101ς,28.
Volmar, 188. 108.
1011111146.
11011169.
17011, 106. 211.
11011111, 180.

 

