121

11111111,111.
Keller, 111.

, Kopp, 198.
1111111141.
11111141.
111111111111.
Κοω11111111,292. ⁸
11111111, 8.
1111111111, 111.
1111111,11.11.
111111, 16.
111111, 1.,11.
Κ111111,Α.,188.
1111111,.1.(“.,111.
Kresehmor, 11.
1111113, 111.
11111111111111111, 1.
111111, 11.
1111111111, 188.
1111111, Α. G„ 11.
1111111111, 111.
Κ1111911·Η111111,187.
11111146.
111ροί111111.
11111111, 1111.

- 1111111111.
1111111, 14.
1111111111.

Kukn, 297.
Kalm,189.
11111111, 11.
1111111, 117.
1111111111111,111.

11.

11111111, 291.

1111111, 118.

Lachmann, 11.

Lacone, 111.

1111οώ 118.

11111, 11.

Lamenta, 118.

11111131111111111, 111.

1111111111, 81

de 1111111111, madano.
1 67.

lamara-unot, 178.

⁰ Lehmann, J, 0. 11„ 114.

hmini, 11. 10. 11.
Laudo, 111.
111111,14.
1111111111, 117.
Lange, A„ 114.
Lange, 0. N„ 11.
11131111.
1111111111, 74. 71. 11.
1113111111, 71.
1113111111, 10.
1111111111, 14.
11111111, 16.
1111111111, 111.
11111,197.
11111111, 111.

11 1111111, 6.
111111.181.
11111111), 110. 119.
11111111.
1111111111, 11. .
1111111, 111.
1111111811, 11.

¹ 1113111, 111.

Lauronem, 194..
1111111111, 41.
1111111, 110.
11111111, 71.
Luamque, 196.
lavet, 191.
(1111111, 114.
1111111, 199.
1111111111111, 1.
1111111, 198. .
111111, 161.
11 Brun, 161.
1111111, 170.
1111111, 117.

1111111, 181.
Legata, 111. ’

11111111, 164. 170.
Lehmann, 110.

Lehmann, 11„ 111.

1111111111, W. L. 0. 11.,
125.

11111111, 11. 11. ’

11111, 191.

1111111111, 111.

1111111111, 111.

1111111111, 17.

1111111111, 101.

1111111171, 182.

1111111111, 44.

1111111, 16. 11.

11111111, 118.

’ 1111111111, 10.

11111111, 292.
1111111111, 111.
1111111111.
111111, 1.
bauenberg, 111.
1111111, 161.
111.,11. “
1111111αά111. 191.
1111111,11
1111111111, 17.
111111111111.
1111111111, 161.
1111111111,11.1,1.
de 1111, 111. =
11111, 111.
Levium, 291.
11111111, 11.
11111111.
1111111111, 111.
Mamm, 179. (1).

s

189. 181.

’1111 117.

Labor, 188.
1111111111, 111.
111111, 111.
11111, 77.

, Lindemann, 107.

1111191111, 179.
11111111, 11.
Lindum, 111.

Lingua„ 11.
1111, 101.

1111111111, 71.

 

