111101, 118.

11181000, 110. 111.
nudos, 101.

18301, 1., 01.
1109011811, 101.
1111, 88.
101080111011, 00.
Epistola, 07.
1118111113, 148.
1111111111, 108.
111101, οο. 10.
1111011011, 101.

1111110081, 140.
machmam, 110.

1801101, 08.
11110111, 181.
1181 30118181, 40.
11810181, 197.
11881010, 101.
11181811, 101.
11111811, 87.
111110, 141.’
1110181, 18 18.
11881181, 00.

18101, (1., 07.
181181,1. 0., 108.
181111181011111, 18.
111110, 192.
10118, A„ 178.
‘ 11111οι0, 10.
18010111, 80.
1811111011, 84.
18011,108.
18081181 med. 1181·
0813011018, 81.
F. 0.,181.
1801111888180.

18100181, 08.
mk. 01.

181101, 108.
1811011, 40.
18111111, 87. 08.
hutonem, 190.
18111011, 7.
1810010111, 70.
1818110, 18.
180011, 48.
18111811, 88.
1811111101, 100.
Fonte-villar, 107.
181811, 148.
1010110811, 100.
18111113, 128.
10110180, 111.
10110311, 48.
18110, 88181, 08.
10111011, 08.
fficium, 00.
1181101, 107.
1111110, 88.
111101οω1811, 000.

ι 1100118110, 80.

11018111, 101.

11001101, 84.Ι

Mer, G. F„ 181.
11101101, 1. A„ 00. 08.

’ Fischer, 1. G„ 74.

1100110111, 100.
1011801101, 1. B.. 80.

1180101811, 08.
11810οὴ118111, 17.

110013, 192. ,
Flora, 205.
110100, 110.
Florio, 104.
1101118110, 08.

10011011, 88.
101010, 1. 110. 148.

Radere, 178.
18108, 41.
10018181, 40.
103118, 88.
1010111, 100.
1011811118, 144.

1011811, 108.

a 10111008, R, 88.
1011183118, 70.
Fomim, 1961
10111811οί000, 180.
8101118, 1., 80.
1011100, 0. 100.
1013001, 188.
1011101, 07.
10110111, 187.
Fon-y, 188,

10831181, 100.
101110, 180.
1011130881, 188.
Foy, 182. 102.

' 1180811011, 101.

staina, 196.

111111001οΜ101.

11810111, 80.

Roneis, 191.

11800110, 100. ,

1011811οο, 101810, 80.

Emis, 180.

Frank, 0. (100.), 100.

11811080, 17. 113. 141.

11811, 111.

Fruar, 148.

11811111138 aedan.
11011, 110.

de 11011813, 178.

stem, 100.

11000111, 18.

·· 1110118, 148.

1111110, 181.
1131001838, 04.
11111101, ’100.
11111180, 80.
1110111810, 01.
1111, 110.
1101118111, 108.
11011810, 77.
11111881, 188.
1110118, 114.

 

