1111111111, 11. mom& 101. 11001, 11.
1101001101, 100. lamam, 177. 1103101, 00.
,11011111ογ, 104. 1110011111, 140. a Keil, 40.
1101111110, 70. lunewich, 171. ’ 11003100.
11011001,181. 1011101, 104. Koa, 100,

uolt, 100. du 1011110, 207. Keller, 04.
limpor, 110. sumit, 100. 11100111.
Hops, 140. 1111101, 00. Renum, 100.
110001011ωο1, 101. Idem, 00. Κοηωᾱμμῖ, 174.
11000111, 00. 1011101101, 111. Kennedy, R. Η, 410.
1101011100, 181. 1001, 140. Kepler, 00.
Ηο11, G„ 00. Iliad, 170. 1100101, 04.
11011, Ε, 104. 1111011, 0. 1101000101, 110.

. 11011, Η, 0. 1110001111, 00. 1101001101, 177.
Hom, 01.,40. 11100110100101111, 1011010111010, 104. 141.
11011011, 110. 10. 110.

(10 Romnum, 07. 1131001111, 00. 07. 00 Keroe-Ber, 401
1100001, 104. 1100111, 00. Kal-r, 130.

ν von Ηο101, 101. 100. = 100101. Ο. G„ 100. 11000101, 00.
nubam, 0. 1001000, 00. 1110111001, 0.
Habet, (1.1. 11, 107. 101017, 201. Κ101, 100.
11110110, 70. 1011111010, 71. 00. 1101101101, 101.

“ Η1001,1.Α, 10. 10101, 10., 140. 11111011, 117.

, Habent, 101. 11010130, 00. Κ1101101, 0.

s 1110110111, 140. . 1011101111, 00. 11101001, 00.

² 1111010111, 0., W„ 7. 10. 1011111110, 140. Klein, 1. G.. 10.

00. 100. 104. 141. Journal, 07. Klein, Ρ, 100.
Huggar, 40. “ 1101110, 10. 1170000110.
Η110110, 40. 00. 111110, 100. Klinge, 100. 114.
1111111101, 107. 1101001111, 77. 1110011101, 00.
110111, 00. Isaram, 177. Kloppert, 104.
Hungerpest, 100. 110001, 201. Klueg, 100.
1111111011, 101. 111011, 00. mumius, 00.
11011, 100. 1110111101, 100. 1011101010, 100. 100.
111111, 140. «Iugum, 212( Knaus, 04.
Rullum, 00. 71. ’ (1010130101, 13. Knebel, 0.

111011110140. Κ113111, 100.
J· ι ΚΜΖΖ, 188.
Jacob, 11. Β· Koch, 11. 41. 101.
1000111, 101. 1100110001, 100. Koch, 11, 100.
Jacobs, 110. - 1111011101, 104. · 10001101, 100.
10011101, 100. Rau, 10. de 1101101, 00.
11011101, Β, 110. 1011ος10001, 00. 07. 1100110110, 00.

10011101, 0. fl„ 110. 1111011, 47. 40. 01. 00.· 11001οε01 ‹lanera-ner, 40.
1101101,0.,100.(1).100. 1111011, 140.1 00.

1001010101, 180. (0). · Karta, 184. Komysseld, 171.
1030111011, 00. . Kayser, 140. 1100000101.

10

 

