221

neeges, 10. 101.
Meyer, 1. D, 107.

Meyer-Ahreue, 14. 00.
Meyer-Metine, 20.
110γο1111, 04.
11101000, 100.
11101011, 02.
1110101010, 01.
1111100100, 120.
Miller, 104. 110.

, Miller, Δ. W, 04.

Miller, 0., 110.
0111111,- 100.
11111101, 1101
11110, 104.
uiuent, 117. 211.
1110110101, 107.
111001, ’140.
Melie, 198.
Mino, 100.
1111001011, 70.
murell 10.

rou Mireeg, 01.
11111101100900, 180.
Moegl'mg, 00.
1100111108, 07.
11001101, 141.
11001109, 173.
11011, 142.

11011, 191.

10 Molee, 170.
uolitet, 01.

11011, Δ, 124.
11011, 1., 00.

(le Molo, 7.

de Mouluxuer, 00.
11οο00110, 100.
11001001, 40.

100 11000, 142.
11οο10001, 41.

de 110010110οω, 11010111,ι

117.
1101110111, 100.
11οο1010010, 10.

1100110101, Ηο110001,
100. 102.
1100101001, 102.

1011001010οᾳοῃ 01.
110010, 10.
11021101, 1811
110100, 1110.
11010011, 02.
de 1101000, 1., 110.
1101000 10100001, 0.
Morene 10 1011001, 178.
11010111, 07.
11010111 de 11001011ιο00,
117.
1101101000, 00.
1101111000, 212.
Morley, 40.
Murcum, 170.
11010011, 100.
1100101, 107.
11001, 0. 10.
10 1100100, 107.
11οο11110, 00.
1100110011, 100.
11001100001, 00.
Mueller, 02.
Mueller, G. J. (1.,102.
Mueller, (1., 40.
Mueller, 11, 170.
11001101, 1. B., 140.
Mueller, 1. 11. ll, 04.
Mueller, L. F, 07.
11111001, 140..
11001100, 01.
1101011, 40.
1101111011, 00. 07.
Munium, ee.
1101110, 170.
de 11011, 70.
Mutzeubeeher, 100.
ven 1011110, 04.
1111101, 40.

1100111011, 01.
Νο011101100, 180.
11003010, F, K, 120.Ι
unger 0. F, 140.
Nayd, 0. 10., 174.
1100111011, 00.

le 001

110010, 102.

uniet, 70.

Mulieres, 117.
Numine, (10 saneto, 01.
Νο011111, 191.
11010001, 70. .
Neuter, 100.
1100010010, 00.
10001αο1101, 07.
110011001101, 00. 011.
11100101, 07. 00.
1110010111, 110.

⁴ Nidepoutuuue, 22.

111010110101, 100.

11101100, 140.
111010 11011001, 00.
1111111011, 02.
Nioley, 204.
nimuh, 00.

111101, 100.

Nive, 100.

Nolo, 00.

110110, 104.

Νο011, 181.

- 000101000011.

0011101100, 10.
00100101, 04.

“ &Hunorum 101.

0100, 110.
0110111011, 181.

³ Olml, 100.

0100101, 120. 100.
0010111001, 120.
10001110, 120.
opita, 04.
Oppoluer, 140.

 

