0611661116, 88.
com (1.

Gom, 180.
066111161666, 84.
066166, 104.
0661666666, 191.
06116111 (16116116, 99.
(1611161116, 98.
Cramer, 66.
(kampton, 188.
01666, 186.
0166161, 64.
Cremutius, 97.
0111111, 16.

01190166, 170.
01116, 148.

(16 0161666616, 61.
cranius, 910.
0666666, 46.
(Iunior, 199.

Curtio, 0., 99.
(1111116, W„ 109. (8). 108.

109.
0161111116, 147. 169.

· 06
0666116, 86.
0636611116, 46.
06111166, 90.
0616, 9.
0611666, 6.
0611116661, 91.
0611111666, 86.
0661116, 81.
Daniel, 167.
Danu, 185.
0661161966, 102.
David, J., 81.
06110666, 166.

, 06116191.
“ “ Davy, 146. .
’ 0611666191.

Deam, 161.
66116, 161.

’ 0666616, 81

06061160, 78.

1 1....

0618161, 66. 67.
0611117616, 206.

Dalm, 180. 101.
06111611 (16 Matina, m.
0611161611, 100.

0616, 69.
06661161166, 94.
06661111666, 68.
0663666166, 110.

06616616, 76. 76. 77.

0666161116, 170.
0661161166, 60.
0611616161, 60. 61.
0661661, 168.

(16 0616166, 98.
06666, 182.
06161316, 18
061816, 109.

061161, 110. 181.
06666, 69.

0161666, 181.
01661161, 49.

0111166, 167.
0161611616, 48. 68.
de 01616611166611, 87.
0161611611, G. Ι.., 108.
016161161, (111., 68.

1116611611, L„ 14.

0111661116, 198.
0161661, 110.
0116611666, 41.
01661166, 110.
0166666166, 166.
066666, 88.
06116144.
06161, 84. Ι
Donatus, 96.
0666161911.
0666166666, 74.
06661616, 49.
0616196. -
1161616611, 61. 61.
166 Dorpe, 104.
06113166, 69. 79.
0166616, 212.
0161666611, 87.
1116161146. ·

Droop, 208. .

01116166, 168.

061161, 18.

Dubosq (16 16 0616611816,
111. ·

0606061161, m.

Dubreuil, 196.

06066, 187. 100.

0611611 (16 061τοί611116,
188.

06606666, 200.

06661111, 181.

0116166192. 100.

06866, 100.

166 066166, 166.

06166, 98.

66161, so. 61.

061661, 117.

06116666, 170. (>.

- 061166161ἱά, 9.

' 066666, 98.
- 01166, 149.

Dalmat, 202.
Dupuytren‚ 189. -
0661166661, 199.
06661, 200.

0163116161, 180.
0116, 0., 188. 169.
Ecksord, 101.
061661, 99. 109.
06161616, 149.
06111616, 183.

Edqar, 187. ·

, 1116666166, 111,

08611661, 46.
03161166, 48. ·

' Egloff‚ 69.

0111161, 46. 41.
0111161, 78.
01161666, 77. =
Eichelberg, 149.
01661611, 194.
0166666666, 84.
01616111, 108.
01616101, 69.

14ΙΙΙ

 

