 

 

11116111, (1. E, 6. 14. 10. (1661111161, 18.
namin, 161.

1116161, 166.

amm, 111.
englandi, 11.

omn, 6.
6111111, 161. 111.

(11111611, 186.
(1116111111, 66.
(11161111, 66.
(11111111, 61.
(mu, 111.
(111161, 66.
(111111, 16.
(1111161, 68.
(1111111, 117.

, .
(1111611161, 66.
616161.
(1811611101, 78.
(111110, 181.
(1111111161, 14.
camier, 102.
Gay, 96.
(111611, 61.
(1111161111, 167.
Gazette, 170.
(168611, 81.
(1111661161, 100.
(1661111611, 11611111-
11111, 111.
111”(ι’6116,100.
(11111111, 66.
(161161, 16.
(1611116161.
(1611111116.
(londria, 168.
aenaria, 102. (1).
van (16111161, 16.
(16111116, 106.

(11116181, 106.

(161116, 66.

da 81. 8116611, (1116110161,
188.

(16166111, 96.

(1611161, 66.

(161116161111611,116·
1161011611, 66.

, .
(11616161, J. Η, 66.
von (11111, 203. (1).
011, 66.

(11111611, 111. 119.
(11116611, 110.
(1111611116, 104.
(111611, 166.
(1161111661, 101.
Giufi, 188. 146.
(1116111, 164.
Gerana, m.

pironi, 166.
Ι (1111111161, 11.

(1116111, 11, 40. 46.
(11116161, 161.
(1166161, 116.
(111161, 74.

(116161, 66.
(1166166111, 167.
(11136, 8.

(1111161116, 181.
(1011116111, 118. 181.

66111, 111.
(1661611111, 66.
1161161161, 168.
(1661161, 10. 14.
(16611611, 161.
0611111166. 61. '
Goeppere, 186.
8661161, 149.

(166149. 80.
(1611161, 61.
(1613111111, 41.
(16111111, 110.
cordon, 161. 116.
de (161161, 61.
(16116, 146.

Gom, L. A„ 187. 118. ’

188.
Goth, 71.
Gomon, 199.
(10111166, 180.
araba, 40.
(11166611 di 11611166, 166.
de (1166111161, 47.
(111616, C. F„ 116.

· (1116161, 67.

(11161111, 60.
(1161, 180.
(11611111, 164.
(11111161, 68.
(111111, 101.
(11611161, 116.
erant, 11. 66. 61. (2)
(111111111611, 80.
Grauius, 46.
(1111616111, 14.
61111616 di 8116, 6.
(11611116, 166.
(111161, 146.

de (11111,180.
(1116111616, 101.
Gall, 11.
(11611611, 166.
(11111611, 67.
(11111, 98.
(1111161, 66.
(11161111, 60.
(1161111111, 116.
(1161, 161.
(1161161, 66.
Groui, 161.
(11611111, 66.

(1111111611, 97.

 

