1111111104.
1111111111, 156.
1111111119, 180.
1111111111, 52.
1111ᾱὶ11111, 86.
1111111111, 155.
’ 1111111. ⁴
Rosas, 140. (1)
111111, 65.
1111111111, 7. 18.
111 8111111111, 50.
111 11111111, 8.
111111, Ε, 158.
111111, G. Τ, 88.
1111111110, 197.
1111111911, 200.
Rooted, 99.
Rota, 86.
8111111119, 189.
1111111111, 154.
1111111111, 72.
81111111182.
1111111111, 109.
1111111111, 89.
11111111, 201.
Roux, G„ 147.
111111,.7.,206.
Boux, 1., 117.
11111111, 98.
numo, 65.
11111111, 65.
111111,111.’ ’
1111111111, 88.
nand, 44. -
1111, Β, 111. (1). 114.
111. 111. (1).
1111111, 75.

{seh 179. ·
111, 111.
1, 180.

Ryuhout. 128.

811111111, 76. 89.
81111511, 165.
81111, 185. 188.

811111, 1.. (1., 16.
811111, (1. 11., 152.
81111, 76. 79. (2). 84.
de la Saym, 11111111, 195.
sahagun, 65.

8111111, 147.

81111111, 8.

81111111, 62.

8111, 48.

salamanca, 116. 188.
81111111, D. Β., 44.
sagmio, J. 11., 41.

de 81111, 16.

di Salo, 9.

Salomon, 179. 190.
8111111111, 71.

81111, 111. “

8111111111, 61.

“ 8111111111, 44.

8111111911, 178.

saffirus, C. M. 87., 182-
x 193.

Χ8111111111, 83.

81111111, 11.
81111111, 175. 200.
de Sancto 1111111111, 21.
81111111, 114.
81111111, 135. 111.
8111111, 76.
8111111111, 11.
8111111, 98.
sartorius, 6.

81111, 144.
Sauberg, 149.
81118111, 87.
8111111111, 54. 210.
Sauvages, 68.
8111111, 160.
81111111, 115.
81111111, J. ch. 161.
8111111811, 95. 101.
8111111111, 82.
81111111, 108.
81111111, 64.
8111111111, 11.
8111111111, 91.
8111811111, 58.

227

(1181111111111, 101.
8111111111, 99.
8111111111, 49.
111 8111111111, 128.
81111111, 43.
8111111111, 56. 60.
81711111νὶ, 197.
81111111, 71.
8118111111, 187.
8111111111, 159.
8118111203.
81111111, 28.
8111111311, 157. “
8111111111, 87.
8111111111, 58. ·
Schlayintweit, 198.
81111111, J. A. 44.
81111111, J. H. (1., 12.
81111111, 82.
semeis. von 8511111171,
198.
8111111111, 78.
8111111113, 11.
81111111, 184.
8111111111, 120.
81111111, L.‚ 116.

8111111110. W„ 72.

Schmidt, J. Η, 145.
Schmidt von Β11111111, 85.
Schmidt, P. A. 78.
Schmidtmffller, 109.
81111111, 167.

8111111111, 78.
8111111111, 173.
8111111111, A„ 18³.
Schnitzlein, 10.

8171111711, 182.

8111111111, 1.

8111111111, 85.

111 8111111111, 118. (2).
Schoenborn‚ 29. ·
8111111111, 19.
81111111111, 87. 90. 91.
Schoepf, 156.

81111111, 68.

81111111, 18.

111 81111111, 105. 115.

 

